POWER
FE50AF
Decoded NEC: FE50AF (32 bits)
Raw (68): 10178 9000 -4300 700 -400 650 -450 700 -400 700 -450 600 -450 750 -400 700 -400 650 -450 700 -1500 650 -1550 700 -1500 750 -1450 700 -1550 700 -1500 700 -1500 650 -450 750 -400 700 -1450 750 -400 700 -1500 700 -400 700 -450 600 -450 750 -400 650 -1550 700 -400 700 -1500 700 -400 700 -1500 750 -1450 700 -1550 700 -1500 700 

display
FE9A65
Decoded NEC: FE9A65 (32 bits)
Raw (68): -32494 8950 -4350 650 -450 700 -400 700 -400 650 -450 700 -450 650 -450 600 -500 650 -450 700 -1500 700 -1500 650 -1550 700 -1550 700 -1500 650 -1550 700 -1500 700 -450 650 -1550 700 -400 700 -400 650 -1550 700 -1500 700 -450 650 -1550 700 -400 700 -400 650 -1550 700 -1500 700 -450 650 -450 600 -1550 750 -400 650 -1550 700 

TV
FE807F
Decoded NEC: FE807F (32 bits)
Raw (68): -15424 8950 -4300 700 -400 700 -400 650 -500 700 -350 750 -400 650 -450 700 -400 700 -400 650 -1550 700 -1500 750 -1500 650 -1550 700 -1500 700 -1500 650 -1550 700 -450 650 -1550 700 -400 650 -450 700 -400 700 -450 600 -500 700 -400 700 -400 650 -450 700 -1500 650 -1550 700 -1500 750 -1500 650 -1550 700 -1500 700 -1500 650 

HDMI
FE20DF
Decoded NEC: FE20DF (32 bits)
Raw (68): 19962 8950 -4300 700 -450 700 -400 600 -500 700 -400 700 -400 650 -450 700 -400 700 -400 650 -1550 700 -1550 700 -1500 650 -1550 700 -1500 700 -1500 650 -1550 750 -400 650 -450 700 -400 700 -1500 700 -400 700 -450 600 -500 700 -400 700 -400 650 -1550 700 -1500 700 -450 650 -1550 650 -1550 650 -1550 700 -1500 700 -1500 650 

COMP
FEB04F
Decoded NEC: FEB04F (32 bits)
Raw (68): -12032 8950 -4300 700 -400 700 -400 650 -450 700 -400 700 -450 600 -500 650 -450 650 -450 650 -1550 700 -1500 700 -1500 650 -1550 750 -1500 700 -1500 650 -1550 700 -450 600 -1550 700 -450 650 -1550 700 -1500 700 -400 700 -450 600 -500 700 -400 650 -450 650 -1550 700 -400 650 -450 700 -1500 650 -1550 750 -1500 700 -1500 650 

AV
FEA05F
Decoded NEC: FEA05F (32 bits)
Raw (68): 31776 9000 -4300 700 -400 650 -450 700 -400 700 -450 600 -500 650 -450 700 -400 650 -450 700 -1500 650 -1550 700 -1500 700 -1500 700 -1550 700 -1500 700 -1500 650 -450 700 -1500 700 -450 700 -1500 650 -450 700 -400 700 -450 600 -450 700 -450 700 -400 650 -1550 700 -400 650 -1550 700 -1500 700 -1500 700 -1550 700 -1500 700 

VGA
FE10EF
Decoded NEC: FE10EF (32 bits)
Raw (68): 27520 8950 -4300 650 -450 700 -450 650 -450 650 -450 700 -400 700 -400 650 -450 700 -400 700 -1500 700 -1500 700 -1500 750 -1500 700 -1500 650 -1550 700 -1550 700 -400 650 -450 650 -450 700 -400 700 -1500 700 -450 650 -450 600 -500 700 -400 700 -1500 700 -1500 650 -1550 750 -400 600 -1550 750 -1500 700 -1500 650 -1550 700 

CH LIST
FE52AD
Decoded NEC: FE52AD (32 bits)
Raw (68): -1430 9000 -4300 700 -400 650 -450 700 -400 700 -450 600 -500 650 -450 650 -450 650 -450 650 -1550 650 -1550 700 -1500 700 -1500 700 -1550 700 -1500 700 -1500 650 -450 700 -450 700 -1500 650 -450 700 -1500 700 -400 700 -450 600 -1550 700 -450 650 -1550 700 -400 650 -1550 700 -450 600 -1550 700 -1550 700 -400 700 -1500 700 

GUIDE
FEBA45
Decoded NEC: FEBA45 (32 bits)
Raw (68): -24358 9000 -4300 700 -400 650 -450 650 -450 700 -400 700 -400 650 -450 700 -400 700 -450 600 -1550 700 -1550 700 -1500 650 -1550 700 -1550 700 -1500 650 -1550 700 -400 650 -1550 700 -450 650 -1500 750 -1500 700 -1500 650 -450 700 -1500 650 -500 650 -450 650 -1550 700 -400 700 -400 650 -450 700 -1500 650 -500 700 -1500 650 

FAV
FE2AD5
Decoded NEC: FE2AD5 (32 bits)
Raw (68): 26218 9000 -4300 700 -400 700 -400 650 -450 700 -400 700 -400 650 -450 700 -400 700 -450 600 -1550 750 -1500 700 -1500 650 -1550 700 -1550 650 -1550 650 -1550 700 -400 650 -450 700 -400 700 -1550 700 -400 650 -1550 700 -400 700 -1500 700 -400 700 -1500 700 -1550 650 -450 700 -1500 650 -450 700 -1500 650 -500 650 -1550 650 

FREEZE
FE08F7
Decoded NEC: FE08F7 (32 bits)
Raw (68): -28982 8950 -4300 650 -450 700 -450 650 -450 650 -450 700 -400 700 -400 650 -450 700 -400 700 -1500 700 -1500 700 -1550 700 -1500 700 -1500 650 -1550 750 -1500 650 -450 700 -400 650 -450 700 -400 700 -450 600 -1550 700 -450 650 -450 700 -400 700 -1500 700 -1500 650 -1550 700 -1550 650 -450 700 -1500 700 -1500 650 -1550 700 

PICTURE
FE728D
Decoded NEC: FE728D (32 bits)
Raw (68): -10632 8950 -4300 650 -450 700 -450 650 -450 600 -500 650 -450 650 -450 650 -450 700 -400 700 -1500 700 -1500 700 -1500 750 -1500 700 -1500 650 -1550 700 -1550 700 -400 700 -400 650 -1550 700 -1500 700 -1500 700 -450 650 -450 700 -1500 700 -400 700 -1500 700 -450 650 -450 600 -500 700 -1500 650 -1550 700 -400 650 -1550 700 

TEMP
FE906F
Decoded NEC: FE906F (32 bits)
Raw (68): 23370 9000 -4250 700 -450 650 -450 700 -400 700 -400 650 -450 700 -450 650 -450 600 -500 700 -1500 650 -1550 700 -1500 700 -1500 650 -1550 700 -1550 700 -1500 650 -450 700 -1500 650 -500 650 -400 750 -1500 700 -400 700 -400 650 -450 700 -450 650 -450 600 -1550 750 -1500 700 -400 700 -1500 700 -1500 650 -1550 750 -1500 700 

UP
FE7A85
Decoded NEC: FE7A85 (32 bits)
Raw (68): -292 8950 -4300 700 -400 700 -450 600 -500 650 -450 650 -450 650 -450 700 -400 700 -400 650 -1550 700 -1500 750 -1500 650 -1550 700 -1500 700 -1500 650 -1550 700 -450 650 -450 700 -1500 650 -1550 700 -1500 750 -1500 650 -450 700 -1500 650 -450 700 -1500 650 -500 650 -400 750 -400 650 -450 700 -1500 650 -450 700 -1500 650 

LEFT
FEDA25
Decoded NEC: FEDA25 (32 bits)
Raw (68): -5202 9000 -4250 750 -400 650 -450 700 -400 700 -450 600 -450 700 -450 650 -450 650 -450 700 -1500 650 -1550 700 -1500 750 -1450 700 -1500 750 -1500 700 -1500 650 -450 700 -1500 700 -1500 750 -400 650 -1550 700 -1500 700 -450 650 -1550 700 -400 700 -400 650 -450 700 -1500 650 -450 700 -450 650 -1550 650 -450 700 -1500 700 

ENTER
FE0AF5
Decoded NEC: FE0AF5 (32 bits)
Raw (68): 1554 8950 -4300 650 -500 700 -400 700 -400 650 -450 700 -400 700 -450 600 -450 700 -400 700 -1550 650 -1550 650 -1550 700 -1500 700 -1500 700 -1500 750 -1500 700 -400 700 -450 600 -450 700 -450 650 -450 600 -1550 750 -400 650 -1550 700 -450 600 -1550 700 -1550 650 -1550 650 -1550 700 -400 650 -1550 700 -400 650 -1550 750 

RIGHT
FE1AE5
Decoded NEC: FE1AE5 (32 bits)
Raw (68): 11432 8950 -4300 700 -450 650 -450 700 -400 700 -400 650 -450 700 -400 700 -450 600 -500 650 -1550 650 -1550 700 -1500 700 -1500 650 -1550 750 -1500 700 -1500 650 -450 700 -400 700 -450 600 -500 650 -1550 650 -1550 700 -400 650 -1550 700 -450 600 -1550 700 -1550 700 -1500 650 -450 700 -400 700 -1500 750 -400 650 -1550 700 







EXIT
FE6A95
Decoded NEC: FE6A95 (32 bits)
Raw (68): 9620 8950 -4300 700 -450 650 -450 700 -400 650 -450 700 -400 700 -450 600 -450 700 -450 650 -1550 700 -1500 650 -1550 700 -1500 700 -1500 700 -1500 750 -1500 700 -400 700 -450 600 -1550 750 -1500 650 -450 700 -1500 700 -400 700 -1500 700 -450 650 -1550 700 -400 700 -400 650 -1550 700 -400 650 -1550 750 -400 650 -1500 750 








EXIT
FE32CD
Decoded NEC: FE32CD (32 bits)
Raw (68): 12718 9000 -4300 650 -450 700 -400 650 -450 700 -400 700 -450 600 -450 700 -450 650 -450 650 -1550 700 -1500 700 -1500 650 -1550 700 -1550 700 -1500 650 -1550 700 -450 600 -450 700 -450 650 -1550 650 -1550 650 -450 700 -400 700 -1500 700 -450 650 -1550 700 -1500 650 -450 700 -400 700 -1500 700 -1500 700 -450 700 -1500 650 

DOWN
FE6A95
Decoded NEC: FE6A95 (32 bits)
Raw (68): 26944 9000 -4300 700 -450 600 -450 700 -450 650 -400 700 -450 700 -400 700 -400 650 -450 700 -1500 650 -1550 700 -1550 700 -1500 650 -1550 700 -1500 750 -1450 700 -450 650 -450 700 -1500 700 -1500 650 -450 700 -1500 700 -450 700 -1500 650 -450 700 -1500 650 -450 700 -450 650 -1550 700 -400 700 -1500 700 -400 700 -1500 750 


RETURN
FE9867
Decoded NEC: FE9867 (32 bits)
Raw (68): -4766 8950 -4300 700 -400 700 -400 650 -500 650 -450 650 -450 600 -500 700 -400 700 -400 650 -1550 700 -1500 700 -1500 700 -1500 750 -1500 700 -1500 650 -1550 700 -450 600 -1550 750 -400 650 -450 700 -1500 650 -1550 700 -450 600 -500 700 -400 700 -400 650 -1550 700 -1500 700 -450 650 -450 650 -1500 700 -1550 700 -1500 650 

SLEEP
FEAA55
Decoded NEC: FEAA55 (32 bits)
Raw (68): -4766 8950 -4300 700 -400 700 -450 600 -500 700 -400 700 -400 650 -450 700 -400 700 -400 650 -1550 750 -1450 750 -1500 650 -1550 700 -1500 700 -1500 650 -1550 700 -450 650 -1550 700 -400 650 -1550 700 -450 600 -1550 750 -400 650 -1550 700 -400 650 -450 700 -1500 650 -500 650 -1550 650 -450 700 -1500 650 -450 700 -1500 650 

MENU
FE5AA5
Decoded NEC: FE5AA5 (32 bits)
Raw (68): -8466 9000 -4300 700 -400 650 -500 650 -400 700 -450 650 -450 650 -450 700 -400 650 -450 700 -1500 650 -1550 700 -1500 700 -1550 650 -1550 700 -1500 700 -1500 650 -450 700 -450 700 -1500 700 -400 700 -1500 700 -1500 650 -500 650 -1550 650 -450 700 -1500 650 -450 700 -1500 650 -450 700 -450 650 -1550 700 -400 700 -1500 700 

ZOOM
FEEA15
Decoded NEC: FEEA15 (32 bits)
Raw (68): 1562 8950 -4300 700 -400 700 -450 600 -500 700 -400 650 -450 650 -450 700 -400 700 -400 650 -1550 700 -1550 650 -1550 650 -1550 700 -1500 700 -1500 650 -1550 700 -450 650 -1550 700 -1500 700 -1500 700 -450 650 -1550 650 -450 700 -1500 650 -450 700 -400 700 -450 600 -500 650 -1550 650 -450 700 -1500 650 -450 700 -1500 650 

VOL+
FE7887
Decoded NEC: FE7887 (32 bits)
Raw (68): 15142 9000 -4300 700 -400 650 -450 650 -450 700 -400 700 -400 650 -450 700 -450 650 -450 650 -1500 750 -1500 700 -1500 700 -1500 700 -1550 650 -1550 650 -1550 700 -400 650 -450 700 -1500 700 -1500 750 -1500 700 -1500 650 -450 700 -450 650 -450 600 -1550 750 -400 650 -450 700 -400 700 -400 700 -1500 750 -1500 700 -1500 650 

LAST
FED827
Decoded NEC: FED827 (32 bits)
Raw (68): -282 8950 -4350 650 -450 700 -400 700 -450 600 -500 650 -450 650 -450 650 -450 700 -400 700 -1500 700 -1500 700 -1500 700 -1550 700 -1500 650 -1550 700 -1500 700 -400 700 -1550 700 -1500 650 -450 700 -1500 650 -1550 700 -450 650 -450 700 -400 700 -400 650 -450 700 -1500 650 -450 700 -450 650 -1550 700 -1500 650 -1550 700 

CH+
FEF807
Decoded NEC: FEF807 (32 bits)
Raw (68): -13260 8950 -4300 700 -400 700 -400 650 -450 700 -450 650 -450 600 -500 650 -450 650 -450 650 -1550 700 -1500 700 -1500 700 -1500 750 -1500 700 -1500 700 -1500 700 -450 650 -1500 750 -1500 700 -1500 650 -1550 700 -1550 650 -450 700 -400 650 -450 700 -400 700 -400 650 -450 700 -400 700 -450 650 -1500 700 -1550 700 -1500 650 

VOL-
FEFA05
Decoded NEC: FEFA05 (32 bits)
Raw (68): 3526 8950 -4300 650 -500 700 -400 700 -400 650 -450 700 -400 700 -400 650 -450 700 -450 650 -1550 650 -1550 650 -1550 700 -1500 700 -1500 650 -1550 750 -1500 700 -400 700 -1500 700 -1500 650 -1550 750 -1500 700 -1500 650 -450 700 -1500 650 -500 650 -450 650 -450 650 -450 700 -400 700 -400 650 -1550 700 -450 600 -1550 750 

MUTE
FED02F
Decoded NEC: FED02F (32 bits)
Raw (68): 2268 8950 -4300 700 -450 700 -400 700 -400 650 -450 700 -400 700 -450 600 -450 700 -450 650 -1550 650 -1550 650 -1550 700 -1500 700 -1550 650 -1550 700 -1500 700 -400 700 -1500 700 -1500 700 -450 650 -1550 650 -450 700 -400 700 -450 600 -450 700 -450 650 -450 650 -1550 700 -400 650 -1550 700 -1500 700 -1500 700 -1500 750 

CH-
FE3AC5
Decoded NEC: FE3AC5 (32 bits)
Raw (68): 20234 8950 -4300 700 -400 700 -450 600 -450 700 -450 650 -450 650 -450 650 -450 700 -400 650 -1550 700 -1500 750 -1450 700 -1500 750 -1500 700 -1500 700 -1500 700 -450 650 -450 700 -400 700 -1500 700 -1500 650 -1550 700 -450 650 -1500 750 -400 650 -1550 700 -1500 700 -450 650 -450 650 -450 650 -1550 650 -450 700 -1500 700 

1
FE708F
Decoded NEC: FE708F (32 bits)
Raw (68): -18038 8950 -4300 700 -450 650 -450 700 -400 700 -400 650 -450 700 -400 700 -450 600 -500 650 -1550 650 -1550 700 -1500 700 -1500 650 -1550 700 -1550 700 -1500 650 -450 700 -400 700 -1500 700 -1550 650 -1550 700 -400 650 -450 700 -400 700 -450 600 -1550 700 -450 650 -450 650 -450 700 -1500 700 -1500 650 -1550 750 -1500 700 


2
FE609F
Decoded NEC: FE609F (32 bits)
Raw (68): -16304 8950 -4300 700 -400 700 -450 600 -450 750 -400 650 -450 650 -450 700 -400 700 -400 650 -1550 700 -1500 750 -1450 700 -1500 750 -1500 700 -1500 650 -1550 700 -450 650 -450 700 -1500 650 -1550 700 -450 600 -450 700 -450 700 -400 650 -450 700 -1500 650 -450 700 -400 700 -1500 750 -1450 700 -1500 750 -1500 700 -1500 650 

3
FEF00F
Decoded NEC: FEF00F (32 bits)
Raw (68): -2916 9000 -4300 700 -400 650 -450 700 -400 700 -450 600 -500 650 -450 650 -450 650 -450 700 -1500 650 -1550 700 -1500 750 -1500 650 -1550 700 -1500 700 -1500 650 -500 650 -1500 700 -1550 700 -1500 700 -1500 700 -400 700 -450 650 -450 650 -450 700 -400 700 -400 650 -450 700 -400 700 -1500 700 -1500 700 -1550 700 -1500 700 

4
FE48B7
Decoded NEC: FE48B7 (32 bits)
Raw (68): 21320 9000 -4250 750 -400 650 -450 700 -400 700 -400 650 -450 700 -450 650 -450 600 -500 700 -1500 650 -1550 700 -1500 700 -1500 650 -1550 750 -1500 700 -1500 650 -450 700 -450 650 -1550 700 -350 750 -400 650 -1550 700 -400 650 -450 700 -450 650 -1500 750 -350 750 -1500 700 -1500 650 -450 700 -1500 650 -1550 750 -1500 700 

5
FEE01F
Decoded NEC: FEE01F (32 bits)
Raw (68): -12168 9000 -4250 750 -400 700 -400 650 -450 700 -400 700 -400 650 -450 700 -450 650 -450 600 -1550 750 -1500 700 -1500 650 -1550 700 -1550 700 -1500 650 -1550 700 -400 650 -1550 700 -1550 700 -1500 650 -450 700 -400 700 -400 650 -450 700 -400 700 -450 600 -500 700 -400 700 -1500 700 -1500 650 -1550 700 -1500 750 -1500 650 

6
FEC837
Decoded NEC: FEC837 (32 bits)
Raw (68): 27468 9000 -4250 700 -400 650 -500 700 -400 700 -400 650 -450 700 -400 700 -400 650 -450 750 -1450 650 -1550 750 -1500 700 -1500 650 -1550 750 -1500 700 -1500 650 -450 700 -1500 650 -1550 750 -350 650 -500 700 -1500 650 -450 700 -400 700 -400 650 -450 700 -450 650 -1550 700 -1500 650 -450 700 -1500 650 -1550 750 -1450 750 

7
FE6897
Decoded NEC: FE6897 (32 bits)
Raw (68): 10382 9000 -4250 700 -400 700 -450 600 -500 700 -400 700 -400 650 -450 700 -400 700 -400 650 -1550 700 -1550 700 -1500 650 -1550 700 -1500 700 -1500 650 -1550 750 -400 650 -450 700 -1500 650 -1550 700 -400 650 -1550 750 -400 650 -450 700 -400 700 -1500 700 -450 650 -450 600 -1550 750 -400 650 -1550 700 -1500 700 -1500 650 

8
FE40BF
Decoded NEC: FE40BF (32 bits)
Raw (68): 13082 9000 -4300 700 -400 700 -400 650 -450 700 -400 700 -450 600 -450 750 -350 700 -450 650 -1550 700 -1500 700 -1500 650 -1550 750 -1500 700 -1500 650 -1550 700 -450 600 -450 750 -1450 700 -450 700 -400 700 -400 650 -450 700 -400 700 -450 600 -1550 750 -400 650 -1550 700 -1500 700 -1500 650 -1550 750 -1500 700 -1500 650 

9
FEE817
Decoded NEC: FEE817 (32 bits)
Raw (68): -11382 9000 -4250 750 -400 600 -500 700 -400 700 -400 650 -450 700 -400 700 -450 600 -450 750 -1450 650 -1550 750 -1500 700 -1500 650 -1550 750 -1500 700 -1500 650 -450 700 -1500 650 -1550 750 -1500 700 -400 700 -1500 700 -400 700 -450 600 -450 700 -450 650 -400 650 -500 700 -1500 650 -450 700 -1500 650 -1550 750 -1450 750 

-
FEC03F
Decoded NEC: FEC03F (32 bits)
Raw (68): -20274 9000 -4250 750 -400 650 -450 600 -500 700 -400 700 -400 650 -450 700 -400 700 -450 600 -1550 750 -1450 750 -1500 650 -1550 700 -1500 750 -1450 650 -1550 750 -400 650 -1550 700 -1500 750 -350 700 -450 600 -500 700 -400 700 -400 650 -450 700 -400 700 -450 600 -1550 750 -1500 700 -1500 650 -1550 700 -1500 750 -1450 650 

0
FE58A7
Decoded NEC: FE58A7 (32 bits)
Raw (68): -26804 9000 -4250 700 -450 650 -450 700 -400 700 -400 650 -450 700 -400 700 -400 650 -450 750 -1450 700 -1500 750 -1500 700 -1500 650 -1550 750 -1500 700 -1500 650 -450 700 -400 700 -1500 750 -400 650 -1500 750 -1500 650 -450 700 -400 700 -450 600 -1550 750 -350 700 -1500 750 -400 650 -450 700 -1500 650 -1550 750 -1500 700 

INPUT
FECA35
Decoded NEC: FECA35 (32 bits)
Raw (68): 27118 8900 -4350 650 -450 700 -400 700 -400 650 -500 700 -400 700 -400 650 -450 700 -400 700 -1500 700 -1500 650 -1550 750 -1500 700 -1500 650 -1550 700 -1500 750 -400 650 -1550 700 -1500 650 -450 700 -400 700 -1500 750 -350 750 -1500 700 -400 700 -400 650 -450 700 -1500 650 -1550 750 -400 650 -1550 700 -400 650 -1550 700 

AUDIO
FED22D
Decoded NEC: FED22D (32 bits)
Raw (68): -32166 9000 -4300 700 -450 600 -450 700 -450 650 -450 600 -500 700 -400 700 -400 650 -450 700 -1500 650 -1550 700 -1550 700 -1500 650 -1550 700 -1500 750 -1450 650 -500 700 -1500 650 -1550 700 -400 650 -1550 700 -400 650 -500 700 -1500 650 -450 700 -400 700 -400 650 -1550 700 -400 650 -1550 750 -1500 700 -400 700 -1500 750 

MTS
FE4AB5
Decoded NEC: FE4AB5 (32 bits)
Raw (68): -4508 9000 -4250 750 -350 650 -500 700 -400 700 -400 650 -450 700 -400 700 -400 650 -450 750 -1450 650 -1550 750 -1500 700 -1500 650 -1550 750 -1450 750 -1500 650 -450 700 -400 700 -1500 750 -400 700 -400 600 -1550 750 -400 650 -1550 700 -450 600 -1550 750 -350 650 -1550 750 -1500 700 -400 700 -1500 750 -400 700 -1450 750 

CCD
FE8A75
Decoded NEC: FE8A75 (32 bits)
Raw (68): 25438 9000 -4250 750 -350 650 -500 700 -400 700 -400 650 -450 700 -400 700 -450 600 -450 700 -1500 650 -1550 750 -1500 700 -1500 650 -1550 750 -1500 700 -1500 650 -450 700 -1500 650 -450 700 -450 650 -450 600 -1550 750 -400 650 -1550 700 -400 650 -450 700 -1500 650 -1550 750 -1450 750 -400 700 -1500 700 -450 650 -1550 700 
