power
A90
Decoded SONY: A90 (12 bits)
Raw (26): 16414 2550 -400 1350 -400 800 -400 1350 -400 800 -400 1350 -400 750 -450 750 -400 1350 -450 750 -400 750 -400 800 -350 750 

X
290
Decoded SONY: 290 (12 bits)
Raw (26): 11808 2550 -400 800 -400 750 -400 1400 -400 750 -400 1400 -400 750 -400 750 -400 1400 -400 750 -400 750 -400 800 -400 750 


PIP
DB0
Decoded SONY: DB0 (12 bits)
Raw (26): 17170 2550 -400 1400 -400 1400 -400 750 -400 1350 -400 1400 -400 750 -400 1400 -400 1400 -400 750 -400 750 -400 800 -400 750 


SWAP
FB0
Decoded SONY: FB0 (12 bits)
Raw (26): 13848 2550 -400 1400 -400 1350 -400 1400 -400 1400 -400 1350 -400 800 -400 1350 -400 1400 -400 750 -400 800 -400 750 -400 750 


Contrast
190
Decoded SONY: 190 (12 bits)
Raw (26): 26306 2500 -450 700 -450 700 -450 750 -400 1350 -450 1350 -450 700 -450 700 -450 1350 -450 700 -450 750 -400 750 -450 700 


CC
310
Decoded SONY: 310 (12 bits)
Raw (26): 22850 2450 -500 700 -450 700 -450 1350 -450 1300 -500 700 -450 700 -450 700 -450 1350 -450 700 -500 700 -450 700 -450 700 


Zzz
6D0
Decoded SONY: 6D0 (12 bits)
Raw (26): -21992 2450 -500 700 -450 1300 -500 1300 -450 750 -450 1300 -450 1350 -450 700 -450 1350 -450 700 -450 750 -450 700 -450 700 


A
570
Decoded SONY: 570 (12 bits)
Raw (26): -52 2450 -500 750 -400 1350 -450 700 -450 1350 -450 750 -400 1350 -450 1300 -450 1350 -500 700 -400 750 -450 700 -450 700 


B
D70
Decoded SONY: D70 (12 bits)
Raw (26): -27384 2500 -450 1350 -450 1300 -500 700 -450 1300 -500 700 -450 1300 -500 1300 -450 1350 -450 700 -450 700 -450 750 -450 700 

C
370
Decoded SONY: 370 (12 bits)
Raw (26): -29688 2450 -500 700 -450 700 -450 1350 -450 1300 -500 700 -450 1300 -500 1300 -450 1350 -450 700 -450 750 -450 700 -450 700 


1
10
Decoded SONY: 10 (12 bits)
Raw (26): -12164 2450 -450 750 -450 700 -450 750 -450 700 -450 700 -450 700 -450 700 -450 1350 -450 700 -450 750 -450 700 -450 700 


2
810
Decoded SONY: 810 (12 bits)
Raw (26): -8806 2450 -500 1300 -450 700 -450 750 -450 700 -450 700 -450 700 -500 700 -450 1300 -500 700 -450 750 -400 700 -450 750 


3
410
Decoded SONY: 410 (12 bits)
Raw (26): -4376 2450 -500 700 -450 1300 -500 700 -450 700 -450 700 -450 750 -450 700 -450 1300 -500 700 -450 700 -450 700 -450 750 


4
C10
Decoded SONY: C10 (12 bits)
Raw (26): 12880 2550 -450 1300 -450 1350 -450 700 -450 750 -400 750 -450 700 -450 750 -450 1300 -450 700 -450 750 -450 700 -450 700 


5
210
Decoded SONY: 210 (12 bits)
Raw (26): -2230 2500 -450 750 -400 750 -450 1300 -450 700 -450 750 -450 700 -450 750 -400 1350 -450 750 -400 750 -450 700 -450 700 

6
A10
Decoded SONY: A10 (12 bits)
Raw (26): -6266 2450 -500 1300 -450 750 -400 1350 -450 750 -400 750 -450 700 -450 750 -400 1350 -450 700 -450 750 -400 750 -450 700 


7
610
Decoded SONY: 610 (12 bits)
Raw (26): 24142 2500 -450 700 -450 1350 -400 1350 -450 750 -400 750 -450 700 -450 700 -450 1350 -450 700 -450 750 -400 800 -400 700 


8
E10
Decoded SONY: E10 (12 bits)
Raw (26): 26444 2500 -450 1350 -450 1350 -450 1300 -450 700 -500 700 -450 700 -450 750 -400 1350 -450 750 -400 750 -450 700 -450 700 


9
110
Decoded SONY: 110 (12 bits)
Raw (26): -6812 2500 -450 750 -450 700 -450 700 -450 1350 -450 700 -450 700 -450 750 -450 1350 -400 750 -450 700 -450 700 -450 700 

. (period)
510
Decoded SONY: 510 (12 bits)
Raw (26): 12022 2500 -450 750 -450 1300 -450 750 -450 1300 -450 750 -400 750 -450 750 -400 1350 -450 700 -450 700 -450 750 -400 750 


0
910
Decoded SONY: 910 (12 bits)
Raw (26): -7668 2450 -500 1300 -450 750 -450 700 -450 1350 -450 700 -450 700 -450 700 -450 1350 -450 750 -400 750 -450 700 -450 750 


enter
D10
Decoded SONY: D10 (12 bits)
Raw (26): -15914 2500 -450 1350 -450 1350 -450 700 -450 1350 -450 700 -450 750 -400 750 -450 1300 -450 750 -450 700 -450 700 -450 750 


vol+
490
Decoded SONY: 490 (12 bits)
Raw (26): -3780 2500 -450 750 -450 1300 -450 750 -450 700 -450 1300 -450 750 -450 700 -450 1350 -450 700 -450 700 -450 750 -400 750 


??
A50
Decoded SONY: A50 (12 bits)
Raw (26): -18170 2500 -450 1350 -450 700 -450 1350 -450 700 -450 700 -450 1350 -450 750 -400 1350 -450 700 -450 700 -450 750 -400 750 


ch+
90
Decoded SONY: 90 (12 bits)
Raw (26): -17948 2500 -450 700 -450 700 -450 700 -450 750 -450 1350 -400 750 -450 750 -400 1300 -500 700 -450 700 -450 750 -400 750 


vol-
C90
Decoded SONY: C90 (12 bits)
Raw (26): 12572 2550 -400 1400 -400 1350 -400 800 -400 750 -400 1400 -400 750 -400 750 -400 1400 -400 750 -400 750 -450 750 -400 750 


??
390
Decoded SONY: 390 (12 bits)
Raw (26): 24154 2500 -450 700 -450 750 -450 1300 -450 1350 -450 1300 -450 750 -450 700 -450 1350 -400 750 -450 700 -450 750 -400 750 

ch-
890
Decoded SONY: 890 (12 bits)
Raw (26): -18904 2500 -450 1350 -450 700 -450 700 -450 750 -450 1300 -450 750 -400 750 -450 1300 -450 750 -450 700 -450 750 -400 750 


??
70
Decoded SONY: 70 (12 bits)
Raw (26): 12390 2500 -450 700 -450 750 -450 700 -450 700 -450 750 -400 1350 -450 1350 -450 1350 -400 750 -450 700 -450 700 -450 750 


^
2F0
Decoded SONY: 2F0 (12 bits)
Raw (26): -14498 2500 -450 700 -500 700 -450 1350 -400 750 -450 1300 -450 1350 -450 1350 -450 1300 -450 750 -450 700 -450 700 -450 700 


??
DD0
Decoded SONY: DD0 (12 bits)
Raw (26): 20126 2450 -500 1300 -450 1350 -450 700 -450 1350 -450 1350 -450 1350 -400 750 -400 1350 -450 750 -400 750 -450 700 -450 750 


<
2D0
Decoded SONY: 2D0 (12 bits)
Raw (26): 29280 2500 -450 750 -450 700 -450 1300 -450 750 -450 1350 -400 1350 -450 750 -400 1350 -450 700 -500 700 -450 700 -450 700 


Enter
A70
Decoded SONY: A70 (12 bits)
Raw (26): -23352 2500 -500 1300 -450 700 -450 1350 -450 700 -450 700 -450 1350 -450 1350 -450 1350 -400 750 -450 700 -450 700 -450 700 


>
CD0
Decoded SONY: CD0 (12 bits)
Raw (26): 21060 2500 -450 1350 -450 1350 -450 700 -450 750 -450 1300 -450 1350 -450 700 -450 1300 -450 750 -450 700 -450 700 -450 750 


??
710
Decoded SONY: 710 (12 bits)
Raw (26): -2060 2500 -450 750 -400 1350 -450 1350 -450 1300 -450 750 -450 700 -450 700 -450 1350 -450 750 -400 750 -400 750 -450 700 


down
AF0
Decoded SONY: AF0 (12 bits)
Raw (26): 32096 2500 -450 1350 -450 700 -450 1300 -500 700 -450 1350 -450 1300 -450 1350 -450 1300 -500 700 -450 700 -450 750 -400 750 


??
5D0
Decoded SONY: 5D0 (12 bits)
Raw (26): 14842 2450 -500 700 -450 1300 -450 750 -450 1350 -400 1350 -450 1350 -450 700 -450 1350 -450 700 -450 750 -400 750 -450 700 


yPbPr1
130
Decoded SONY: 130 (12 bits)
Raw (26): -15924 2450 -500 700 -450 700 -450 700 -450 1350 -450 750 -400 750 -450 1300 -450 1350 -450 700 -450 750 -400 750 -450 700 


PC
C30
Decoded SONY: C30 (12 bits)
Raw (26): 30912 2500 -450 1350 -450 1350 -450 700 -450 700 -450 750 -400 750 -450 1300 -450 1350 -450 700 -450 750 -450 700 -450 750 


HDMI
430
Decoded SONY: 430 (12 bits)
Raw (26): -9130 2500 -450 700 -450 1350 -450 700 -450 700 -450 750 -400 750 -450 1300 -450 1350 -450 750 -400 750 -450 700 -450 700 


TV
250
Decoded SONY: 250 (12 bits)
Raw (26): 22032 2450 -500 700 -450 750 -400 1350 -450 700 -450 750 -400 1350 -450 750 -400 1350 -450 750 -400 750 -400 750 -450 700 


YPbPr2
930
Decoded SONY: 930 (12 bits)
Raw (26): -4424 2500 -450 1300 -450 750 -450 700 -450 1350 -450 750 -400 700 -450 1350 -450 1350 -450 700 -450 700 -450 750 -400 750 


Video
30
Decoded SONY: 30 (12 bits)
Raw (26): -26750 2500 -450 700 -450 750 -400 750 -450 700 -450 750 -400 750 -450 1300 -450 1350 -450 700 -450 750 -450 700 -450 700 


S-Video
B30
Decoded SONY: B30 (12 bits)
Raw (26): -14930 2500 -450 1350 -450 700 -450 1350 -450 1300 -450 700 -450 750 -450 1350 -400 1350 -450 750 -400 750 -450 700 -450 700 


DVI

230
Decoded SONY: 230 (12 bits)
Raw (26): -21876 2500 -450 700 -450 750 -450 1300 -450 700 -450 750 -450 700 -450 1350 -450 1300 -450 700 -450 750 -450 700 -450 700 

