800FF428		open
Decoded RC6: 800FF428 (36 bits)		
Raw (66): -21008 2800 -700 600 -300 600 -300 550 -750 600 -700 1500 -750 600 -300 550 -350 550 -300 600 -300 550 -350 550 -350 550 -300 600 -300 550 -350 550 -350 1000 -300 600 -300 550 -350 550 -300 600 -300 600 -300 550 -350 550 -750 1000 -750 600 -300 600 -300 600 -300 1000 -750 1050 -700 600 -300 600 -300 600 		
800F7464		xbox
Decoded RC6: 800F7464 (36 bits)		
Raw (64): -29506 2750 -750 600 -300 600 -300 550 -750 600 -700 1500 -750 600 -300 550 -350 550 -300 600 -300 600 -300 550 -350 550 -300 600 -300 550 -350 550 -350 1000 -300 550 -350 550 -350 550 -750 1000 -350 550 -350 550 -750 1000 -750 600 -300 600 -300 1000 -350 550 -750 600 -300 1000 -750 600 -300 600 		
800FF40C		on/off
Decoded RC6: 800FF40C (36 bits)		
Raw (68): -1664 2800 -750 600 -300 550 -350 550 -750 600 -700 1450 -750 600 -350 550 -300 600 -300 550 -350 550 -350 550 -300 600 -300 550 -350 550 -350 550 -300 1000 -350 550 -350 550 -300 550 -350 550 -350 550 -350 550 -300 550 -750 1050 -750 600 -300 550 -350 550 -350 550 -300 550 -350 1000 -350 550 -750 600 -300 550 		
800F7419		stop
Decoded RC6: 800F7419 (36 bits)		
Raw (64): -26298 2800 -750 600 -300 550 -350 550 -750 600 -700 1450 -800 600 -300 550 -350 550 -300 550 -350 550 -350 550 -300 600 -300 550 -350 550 -350 550 -300 1050 -300 550 -350 550 -300 600 -750 1000 -350 550 -300 600 -700 1050 -750 600 -300 600 -300 550 -350 550 -300 1000 -350 550 -750 600 -300 1000 		
800FF418		pause
Decoded RC6: 800FF418 (36 bits)		
Raw (68): -15244 2750 -750 600 -300 600 -300 550 -750 600 -700 1500 -750 600 -300 550 -350 550 -300 600 -300 600 -300 550 -350 550 -300 600 -300 550 -350 550 -350 1000 -300 550 -350 550 -350 550 -300 600 -300 600 -300 550 -350 550 -750 1000 -750 600 -300 600 -300 600 -300 550 -350 950 -350 550 -750 600 -350 550 -300 600 		
800F7415		???
Decoded RC6: 800F7415 (36 bits)		
Raw (62): 23250 2750 -750 600 -300 600 -300 550 -750 600 -700 1500 -750 600 -300 550 -350 550 -350 550 -300 550 -350 550 -350 550 -300 600 -300 550 -350 550 -350 1000 -300 550 -350 550 -350 550 -750 1000 -350 550 -350 550 -750 1000 -750 600 -300 600 -300 550 -350 550 -350 1000 -750 1000 -750 1050 		
800FF416		play
Decoded RC6: 800FF416 (36 bits)		
Raw (66): 27938 2800 -750 600 -300 550 -350 550 -750 600 -700 1450 -800 550 -350 550 -350 550 -300 550 -350 550 -350 550 -300 600 -300 550 -350 550 -350 550 -300 1000 -350 550 -350 550 -300 600 -300 550 -350 550 -350 550 -300 600 -700 1050 -750 600 -300 550 -350 550 -350 550 -300 1000 -750 1050 -350 550 -750 550 		
800F7414		???
Decoded RC6: 800F7414 (36 bits)		
Raw (64): -1302 2800 -750 550 -350 550 -300 600 -750 600 -700 1450 -750 600 -300 600 -300 600 -300 550 -350 550 -300 600 -300 550 -350 550 -350 550 -300 600 -300 1000 -350 550 -300 550 -350 550 -750 1050 -300 600 -300 550 -750 1050 -750 550 -350 550 -350 550 -300 600 -300 1000 -750 1050 -700 650 -300 550 		
800FF41B		???
Decoded RC6: 800FF41B (36 bits)		
Raw (66): -15588 2800 -750 600 -300 550 -350 550 -750 600 -700 1450 -750 600 -350 550 -300 600 -300 600 -300 550 -350 550 -300 600 -300 550 -350 550 -350 550 -300 1000 -350 550 -350 550 -300 600 -300 550 -350 550 -350 550 -300 600 -700 1050 -750 600 -300 550 -350 550 -350 550 -300 1000 -350 550 -750 1000 -350 550 		
800F741A		
Decoded RC6: 800F741A (36 bits)		
Raw (64): 5340 2750 -750 600 -350 550 -300 600 -700 600 -750 1450 -750 600 -300 600 -300 550 -350 550 -300 600 -300 550 -350 550 -350 550 -300 550 -350 550 -350 1000 -300 550 -350 550 -350 550 -750 1050 -300 550 -350 550 -750 1050 -700 600 -350 550 -300 600 -300 550 -350 1000 -300 600 -700 1050 -750 600 		
800FF44F		display
Decoded RC6: 800FF44F (36 bits)		
Raw (66): 1640 2750 -750 600 -300 600 -300 550 -750 600 -700 1500 -750 600 -300 550 -350 550 -350 550 -300 600 -300 550 -350 550 -350 550 -300 550 -350 550 -350 1000 -300 550 -350 550 -350 550 -350 550 -300 550 -350 550 -350 550 -750 1050 -700 600 -350 550 -300 1000 -750 600 -300 1000 -350 550 -350 550 -350 550 		
800F7424		dvd menu
Decoded RC6: 800F7424 (36 bits)		
Raw (64): -15958 2750 -750 600 -300 550 -350 550 -750 600 -700 1500 -750 600 -300 550 -350 550 -300 600 -300 550 -350 550 -350 550 -300 550 -350 600 -300 550 -350 950 -350 550 -350 550 -350 550 -750 1000 -350 550 -350 550 -750 1000 -750 600 -300 550 -350 550 -350 1000 -750 600 -300 1000 -750 600 -300 600 		
800FF451		title
Decoded RC6: 800FF451 (36 bits)		
Raw (64): -15424 2750 -750 600 -300 600 -300 550 -750 600 -700 1500 -750 600 -300 550 -350 550 -350 550 -300 600 -300 550 -350 550 -300 600 -300 550 -350 550 -350 1000 -300 550 -350 550 -350 550 -300 600 -300 550 -350 550 -350 550 -750 1000 -750 600 -300 600 -300 1000 -750 1050 -750 600 -300 550 -350 1000 		
800F7423		back
Decoded RC6: 800F7423 (36 bits)		
Raw (64): 24484 2800 -700 600 -350 550 -300 600 -700 650 -700 1450 -750 600 -300 600 -300 550 -350 550 -350 550 -300 600 -300 550 -350 550 -300 600 -300 600 -300 1000 -350 550 -300 600 -300 550 -750 1050 -300 600 -300 550 -750 1000 -750 650 -300 550 -350 550 -300 1000 -750 600 -300 600 -300 1000 -350 550 		
800FF40F		info
Decoded RC6: 800FF40F (36 bits)		
Raw (68): 8112 2750 -750 600 -300 600 -300 550 -750 600 -700 1500 -750 600 -300 550 -350 550 -300 600 -300 550 -350 550 -350 550 -300 600 -300 600 -300 550 -350 950 -350 600 -300 550 -350 550 -300 550 -350 550 -350 550 -350 550 -750 1000 -750 600 -300 600 -300 550 -350 550 -350 550 -300 1000 -350 550 -350 550 -300 600 		
800F741E		up
Decoded RC6: 800F741E (36 bits)		
Raw (66): -12980 2800 -700 600 -350 550 -300 600 -700 600 -750 1450 -750 600 -300 550 -350 550 -350 550 -300 600 -300 550 -350 550 -350 550 -300 600 -300 550 -350 1000 -300 600 -300 550 -350 550 -750 1000 -350 550 -350 550 -750 1050 -700 600 -350 550 -300 600 -300 600 -300 1000 -300 600 -300 550 -350 550 -750 600 		
800FF420		left
Decoded RC6: 800FF420 (36 bits)		
Raw (68): -30536 2750 -750 600 -300 600 -300 550 -750 600 -700 1500 -750 600 -300 550 -350 550 -350 550 -300 550 -350 550 -350 550 -350 550 -300 550 -350 550 -350 1000 -300 550 -350 550 -350 550 -350 550 -300 550 -350 550 -350 550 -750 1000 -750 600 -350 550 -300 600 -300 1000 -750 600 -300 550 -350 550 -350 550 -300 600 		
800F7422		ok
Decoded RC6: 800F7422 (36 bits)		
Raw (64): 15840 2800 -700 600 -350 550 -300 600 -750 600 -700 1450 -750 600 -300 600 -300 550 -350 550 -350 550 -300 600 -300 550 -350 550 -350 550 -300 550 -350 1000 -350 550 -300 600 -300 600 -700 1050 -300 550 -350 550 -750 1050 -750 600 -300 550 -350 550 -300 1050 -700 600 -350 550 -300 1000 -750 600 		
800FF421		right
Decoded RC6: 800FF421 (36 bits)		
Raw (66): -19582 2800 -750 600 -300 600 -300 550 -750 600 -700 1500 -750 600 -300 550 -350 550 -300 550 -350 550 -350 550 -300 600 -300 550 -350 550 -350 550 -300 1000 -350 550 -350 550 -350 550 -300 550 -350 550 -350 550 -300 550 -750 1050 -750 600 -300 550 -350 550 -350 1000 -750 600 -300 550 -350 550 -300 1000 		
800F741F		down
Decoded RC6: 800F741F (36 bits)		
Raw (66): -1858 2750 -750 600 -300 550 -350 550 -750 600 -700 1450 -800 600 -300 550 -350 550 -300 600 -300 550 -350 550 -350 550 -300 550 -350 550 -350 550 -300 1000 -350 550 -350 550 -350 550 -750 1000 -350 550 -300 600 -750 1000 -750 600 -300 600 -300 550 -350 550 -300 1000 -350 550 -350 550 -350 550 -300 550 		
800FF426		guide/y
Decoded RC6: 800FF426 (36 bits)		
Raw (66): 24986 2800 -750 550 -350 550 -350 550 -750 600 -700 1450 -750 600 -350 550 -300 600 -300 550 -350 550 -350 550 -300 550 -350 550 -350 550 -350 550 -300 1000 -350 550 -350 550 -300 550 -350 550 -350 550 -350 550 -300 550 -750 1050 -750 600 -300 550 -350 550 -350 950 -750 600 -350 1000 -300 550 -750 600 		
800F7413		x/
Decoded RC6: 800F7413 (36 bits)		
Raw (64): 30762 2800 -700 600 -350 550 -300 600 -750 550 -750 1450 -750 600 -300 600 -300 550 -350 550 -350 550 -300 550 -350 600 -300 550 -350 550 -300 550 -350 1000 -350 550 -300 550 -350 550 -750 1050 -300 550 -350 550 -750 1050 -750 550 -350 550 -350 550 -300 600 -300 1000 -750 600 -300 1000 -350 550 		
800FF412		a/green
Decoded RC6: 800FF412 (36 bits)		
Raw (66): -13230 2750 -800 550 -300 600 -300 600 -700 600 -700 1500 -750 600 -300 550 -350 550 -350 550 -300 550 -350 550 -350 550 -300 600 -300 600 -300 550 -350 1000 -300 550 -350 550 -350 550 -300 600 -300 550 -350 550 -350 550 -750 1000 -750 600 -300 600 -300 550 -350 550 -350 1000 -750 600 -300 1000 -750 600 		
800F7425		b/live tv
Decoded RC6: 800F7425 (36 bits)		
Raw (62): 20152 2800 -750 600 -300 550 -350 550 -750 600 -700 1450 -800 550 -350 550 -350 550 -300 550 -350 550 -350 550 -300 600 -300 600 -300 550 -350 550 -300 1000 -350 550 -350 550 -350 550 -750 1000 -350 550 -300 600 -700 1050 -750 600 -300 550 -350 550 -350 1000 -750 600 -300 1000 -750 1000 		
800FF40D		start winmedia
Decoded RC6: 800FF40D (36 bits)		
Raw (66): 29148 2750 -750 600 -300 550 -350 550 -750 600 -700 1450 -800 550 -350 550 -350 550 -300 600 -300 550 -350 550 -350 550 -300 550 -350 550 -350 550 -350 950 -350 550 -350 550 -350 550 -300 550 -350 550 -350 550 -350 550 -750 1000 -750 600 -300 550 -350 550 -350 550 -350 550 -300 1000 -350 550 -750 1050 		
800F7417		bottom
Decoded RC6: 800F7417 (36 bits)		
Raw (64): 24984 2750 -750 600 -300 550 -350 550 -750 600 -700 1500 -750 600 -300 600 -300 550 -350 550 -300 550 -350 550 -350 550 -300 600 -300 550 -350 550 -350 1000 -300 550 -350 550 -350 550 -750 1000 -350 550 -350 550 -750 1000 -750 600 -300 600 -300 550 -350 550 -350 1000 -750 1000 -350 550 -350 550 		
